>> [g_best p_best particles] = pso(20,10)

particles =

     6     1
     3     5
     9     3
     6     1
     9     1
     6     3
     6     2
     8     5
     7     2
     7     3
    10     5
     3     4
     4     1
     8     4
     5     2
     4     5
     5     2
     3     4
     6     5
     2     1

Iteration 1 
___________
Particle 1 : (7,1) 
Particle 2 : (12,7) 
Particle 3 : (17,7) 
Particle 4 : (9,2) 
Particle 5 : (14,0) 
Particle 6 : (1,3) 
Particle 7 : (5,5) 
Particle 8 : (19,6) 
Particle 9 : (3,2) 
Particle 10 : (5,5) 
Particle 11 : (2,6) 
Particle 12 : (5,6) 
Particle 13 : (18,9) 
Particle 14 : (17,10) 
Particle 15 : (6,5) 
Particle 16 : (1,9) 
Particle 17 : (6,-1) 
Particle 18 : (19,9) 
Particle 19 : (12,1) 
Particle 20 : (1,0) 
Iteration 2 
___________
Particle 1 : (9,3) 
Particle 2 : (14,7) 
Particle 3 : (18,9) 
Particle 4 : (11,3) 
Particle 5 : (17,0) 
Particle 6 : (-3,3) 
Particle 7 : (6,6) 
Particle 8 : (16,6) 
Particle 9 : (4,4) 
New Personal Best for 9: (4,4) with weight=1.791698e+002 
New Global Best (4,4) with f(g)=1.791698e+002 
Particle 10 : (2,5) 
Particle 11 : (-3,5) 
Particle 12 : (5,6) 
Particle 13 : (11,7) 
Particle 14 : (13,9) 
Particle 15 : (4,6) 
Particle 16 : (3,6) 
Particle 17 : (5,2) 
Particle 18 : (27,11) 
Particle 19 : (10,0) 
Particle 20 : (1,1) 
Iteration 3 
___________
Particle 1 : (8,4) 
Particle 2 : (4,4) 
New Personal Best for 2: (4,4) with weight=1.791698e+002 
Particle 3 : (3,2) 
New Personal Best for 3: (3,2) with weight=1.922959e+002 
Particle 4 : (10,4) 
Particle 5 : (9,3) 
New Personal Best for 5: (9,3) with weight=2.087871e+002 
Particle 6 : (6,3) 
Particle 7 : (7,5) 
Particle 8 : (-1,3) 
Particle 9 : (5,6) 
Particle 10 : (3,4) 
Particle 11 : (5,4) 
New Personal Best for 11: (5,4) with weight=1.868445e+002 
Particle 12 : (4,4) 
New Personal Best for 12: (4,4) with weight=1.791698e+002 
Particle 13 : (1,4) 
Particle 14 : (-2,0) 
Particle 15 : (3,2) 
Particle 16 : (5,2) 
New Personal Best for 16: (5,2) with weight=1.717524e+002 
New Global Best (5,2) with f(g)=1.717524e+002 
Particle 17 : (4,5) 
Particle 18 : (22,8) 
Particle 19 : (3,2) 
New Personal Best for 19: (3,2) with weight=1.922959e+002 
Particle 20 : (2,2) 
New Personal Best for 20: (2,2) with weight=2.220413e+002 
Iteration 4 
___________
Particle 1 : (5,3) 
New Personal Best for 1: (5,3) with weight=1.685228e+002 
New Global Best (5,3) with f(g)=1.685228e+002 
Particle 2 : (-6,1) 
Particle 3 : (-11,-4) 
Particle 4 : (3,2) 
Particle 5 : (-2,6) 
Particle 6 : (14,3) 
Particle 7 : (6,1) 
Particle 8 : (-13,1) 
Particle 9 : (6,7) 
Particle 10 : (6,2) 
New Personal Best for 10: (6,2) with weight=1.741430e+002 
Particle 11 : (13,3) 
Particle 12 : (3,1) 
Particle 13 : (-5,-2) 
Particle 14 : (-15,-9) 
Particle 15 : (4,-1) 
Particle 16 : (7,-1) 
Particle 17 : (3,6) 
Particle 18 : (-1,2) 
Particle 19 : (-2,5) 
Particle 20 : (5,3) 
New Personal Best for 20: (5,3) with weight=1.685228e+002 
Iteration 5 
___________
Particle 1 : (2,2) 
Particle 2 : (-7,0) 
Particle 3 : (-11,-4) 
Particle 4 : (-2,0) 
Particle 5 : (-4,6) 
Particle 6 : (12,3) 
Particle 7 : (4,-2) 
Particle 8 : (-4,2) 
Particle 9 : (6,5) 
Particle 10 : (9,0) 
Particle 11 : (11,2) 
Particle 12 : (4,0) 
Particle 13 : (0,-3) 
Particle 14 : (-15,-10) 
Particle 15 : (7,0) 
Particle 16 : (8,-2) 
Particle 17 : (5,2) 
Particle 18 : (-17,-2) 
Particle 19 : (-1,6) 
Particle 20 : (8,4) 
Iteration 6 
___________
Particle 1 : (3,3) 
Particle 2 : (-4,0) 
Particle 3 : (-5,-2) 
Particle 4 : (1,-1) 
Particle 5 : (6,3) 
New Personal Best for 5: (6,3) with weight=1.725229e+002 
Particle 6 : (0,3) 
Particle 7 : (2,-4) 
Particle 8 : (15,5) 
Particle 9 : (5,2) 
New Personal Best for 9: (5,2) with weight=1.717524e+002 
Particle 10 : (9,1) 
Particle 11 : (5,2) 
New Personal Best for 11: (5,2) with weight=1.717524e+002 
Particle 12 : (5,3) 
New Personal Best for 12: (5,3) with weight=1.685228e+002 
Particle 13 : (11,2) 
Particle 14 : (20,11) 
Particle 15 : (8,3) 
Particle 16 : (6,1) 
Particle 17 : (7,-2) 
Particle 18 : (-25,-4) 
Particle 19 : (8,1) 
Particle 20 : (9,5) 
Iteration 7 
___________
Particle 1 : (5,4) 
Particle 2 : (4,2) 
New Personal Best for 2: (4,2) with weight=1.759902e+002 
Particle 3 : (5,2) 
New Personal Best for 3: (5,2) with weight=1.717524e+002 
Particle 4 : (10,3) 
Particle 5 : (16,0) 
Particle 6 : (-3,3) 
Particle 7 : (2,-3) 
Particle 8 : (22,7) 
Particle 9 : (4,-1) 
Particle 10 : (5,4) 
Particle 11 : (-1,2) 
Particle 12 : (6,6) 
Particle 13 : (18,6) 
Particle 14 : (30,18) 
Particle 15 : (7,6) 
Particle 16 : (3,6) 
Particle 17 : (8,-3) 
Particle 18 : (-23,-4) 
Particle 19 : (10,-2) 
Particle 20 : (6,4) 
Iteration 8 
___________
Particle 1 : (7,3) 
Particle 2 : (12,4) 
Particle 3 : (15,7) 
Particle 4 : (14,6) 
Particle 5 : (22,-2) 
Particle 6 : (2,3) 
Particle 7 : (6,5) 
Particle 8 : (8,5) 
Particle 9 : (4,1) 
Particle 10 : (1,5) 
Particle 11 : (2,3) 
Particle 12 : (5,4) 
Particle 13 : (19,9) 
Particle 14 : (25,16) 
Particle 15 : (5,8) 
Particle 16 : (2,8) 
Particle 17 : (4,4) 
Particle 18 : (14,6) 
Particle 19 : (7,-1) 
Particle 20 : (2,2) 
Iteration 9 
___________
Particle 1 : (6,2) 
Particle 2 : (11,4) 
Particle 3 : (21,11) 
Particle 4 : (6,4) 
Particle 5 : (8,2) 
Particle 6 : (8,3) 
Particle 7 : (10,10) 
Particle 8 : (-7,2) 
Particle 9 : (6,5) 
Particle 10 : (3,3) 
Particle 11 : (9,4) 
Particle 12 : (4,0) 
Particle 13 : (4,4) 
New Personal Best for 13: (4,4) with weight=1.791698e+002 
Particle 14 : (9,7) 
Particle 15 : (3,3) 
Particle 16 : (3,5) 
Particle 17 : (1,11) 
Particle 18 : (40,13) 
Particle 19 : (-2,6) 
Particle 20 : (3,2) 
Iteration 10 
___________
Particle 1 : (4,2) 
Particle 2 : (4,3) 
New Personal Best for 2: (4,3) with weight=1.673930e+002 
New Global Best (4,3) with f(g)=1.673930e+002 
Particle 3 : (11,6) 
Particle 4 : (-2,-1) 
Particle 5 : (-10,7) 
Particle 6 : (11,3) 
Particle 7 : (8,6) 
Particle 8 : (-3,2) 
Particle 9 : (6,7) 
Particle 10 : (6,1) 
Particle 11 : (11,3) 
Particle 12 : (4,1) 
Particle 13 : (-11,-2) 
Particle 14 : (-9,-5) 
Particle 15 : (2,-2) 
Particle 16 : (6,0) 
Particle 17 : (1,10) 
Particle 18 : (6,5) 
Particle 19 : (-3,8) 
Particle 20 : (5,2) 

g_best =

     4     3


p_best =

     5     3
     4     3
     5     2
     6     1
     6     3
     6     3
     6     2
     8     5
     5     2
     6     2
     5     2
     5     3
     4     4
     8     4
     5     2
     5     2
     5     2
     3     4
     3     2
     5     3


particles =

     4     2
     4     3
    11     6
    -2    -1
   -10     7
    11     3
     8     6
    -3     2
     6     7
     6     1
    11     3
     4     1
   -11    -2
    -9    -5
     2    -2
     6     0
     1    10
     6     5
    -3     8
     5     2
